owndelete
values
215000
1151.5
115000
40000
3000
5000
557328000
7590000
761243
9840
5500000
3514
180000.0
45000.0
300000.0
51724.5
yes
Speicher5
y
owndelete
values
215000
1151.5
115000
40000
3000
5000
557328000
7590000
761243
9840
5500000
3514
192000.0
48000.0
320000.0
55172.8
yes
Speicher6
y
owndelete
values
215000
1151.5
115000
40000
3000
5000
557328000
7590000
761243
9840
5500000
3514
204000.0
51000.0
340000.0
58621.1
yes
Speicher7
y
owndelete
values
215000
1151.5
115000
40000
3000
5000
557328000
7590000
761243
9840
5500000
3514
216000.0
54000.0
360000.0
62069.4
yes
Speicher8
y
visualize
all
quit
